,City Name,City ID,Latitude,Temperature,Humidity,Wind Speed,Cloud Cover
0,Mahebourg,934322,-20.41,-20.41,83,1.5,40
1,Severo-Kurilsk,2121385,50.68,50.68,100,2.86,68
2,Hermanus,3366880,-34.42,-34.42,97,1.06,44
3,Avarua,4035715,-21.21,-21.21,69,5.1,40
4,Rikitea,4030556,-23.12,-23.12,100,8.76,92
5,Mataura,6201424,-46.19,-46.19,54,13.31,20
6,Chuy,3443061,-33.69,-33.69,74,3.81,0
7,Taltal,3870243,-25.41,-25.41,67,1.96,0
8,Pio IX,3392020,-6.83,-6.83,38,4.36,36
9,East London,1006984,-33.02,-33.02,91,6.21,8
10,Mingguang,1800519,32.78,32.78,100,5.56,92
11,Butaritari,2110227,3.07,3.07,100,3.56,88
12,Ushuaia,3833367,-54.81,-54.81,76,6.2,40
13,Busselton,2075265,-33.64,-33.64,100,3.91,0
14,Castro,3896218,-42.48,-42.48,59,6.7,12
15,Tuktoyaktuk,6170031,69.44,69.44,84,3.6,90
16,Yar-Sale,1486321,66.83,66.83,92,4.46,48
17,Ulladulla,2145554,-35.36,-35.36,86,2.56,0
18,Cockburn Town,3576994,21.46,21.46,98,7.46,0
19,Qaanaaq,3831208,77.48,77.48,86,4.81,56
20,San Policarpo,1688696,12.18,12.18,93,8.06,100
21,San Patricio,3437029,-26.98,-26.98,87,1.41,88
22,Lompoc,5367788,34.64,34.64,27,2.1,1
23,Dikson,1507390,73.51,73.51,100,1.71,48
24,De Aar,1011632,-30.65,-30.65,52,3.71,0
25,Hambantota,1244926,6.12,6.12,88,3.6,0
26,Kaitangata,2208248,-46.28,-46.28,51,6.16,12
27,Konosha,545353,60.97,60.97,91,2.76,88
28,Mount Gambier,2156643,-37.83,-37.83,63,3.1,92
29,Georgetown,3378644,6.8,6.8,96,3.11,92
30,Barrow,3833859,-38.31,-38.31,46,4.46,0
31,Hay River,5972762,60.82,60.82,84,3.1,90
32,Kiunga,2093846,-6.12,-6.12,99,1.06,92
33,Chepareria,199604,1.32,1.32,95,0.71,0
34,Beba,3543961,22.44,22.44,48,1.5,40
35,Marau,3457817,-28.45,-28.45,69,5.1,75
36,Omagh,2640967,54.6,54.6,75,2.1,90
37,Puerto Leguizamo,3671437,-0.19,-0.19,69,1.36,64
38,Klaksvik,2618795,62.23,62.23,100,4.1,92
39,Puerto Ayora,3652764,-0.74,-0.74,65,6.7,90
40,Cape Town,3369157,-33.93,-33.93,82,7.2,20
41,Bluff,2175403,-23.58,-23.58,82,3.76,20
42,Katangli,2122783,51.71,51.71,100,5.41,20
43,Kapaa,5848280,22.08,22.08,60,6.7,40
44,Aykhal,2027296,65.95,65.95,41,1.26,32
45,Atar,2381334,20.52,20.52,21,3.51,32
46,Mtwara,877747,-10.28,-10.28,88,2.6,40
47,Tasiilaq,3424607,65.61,65.61,80,9.3,64
48,Vostok,2013279,46.45,46.45,80,1.66,56
49,Garowe,58933,8.41,8.41,88,3.11,0
50,Yulara,6355222,-25.24,-25.24,36,4.6,92
51,Tarata,3927774,-17.47,-17.47,57,4.1,0
52,Marzuq,72181,14.4,14.4,75,0.81,0
53,Saint George,262462,39.45,39.45,92,2.1,90
54,Carnarvon,1014034,-30.97,-30.97,39,4.91,0
55,Victoria,1733782,5.28,5.28,78,2.1,75
56,Cabo San Lucas,3985710,22.89,22.89,64,1.5,75
57,Vardo,4372777,39.62,39.62,76,3.1,20
58,Mar del Plata,3863379,-46.43,-46.43,23,9.41,36
59,Hithadhoo,1282256,-0.6,-0.6,100,3.96,80
60,Togur,1489499,58.36,58.36,78,4.21,80
61,Polunochnoye,1494482,60.87,60.87,84,2.56,76
62,Kindu,212902,-2.95,-2.95,100,0.81,92
63,Copiapo,3893656,-27.37,-27.37,60,4.6,0
64,Kavieng,2094342,-2.57,-2.57,99,7.36,56
65,Jamestown,2069194,-33.21,-33.21,56,6.91,88
66,Asmar,1148205,35.03,35.03,100,0.91,92
67,Imeni Poliny Osipenko,2023584,52.42,52.42,36,1.86,12
68,Thompson,6165406,55.74,55.74,78,4.6,75
69,La Union,3593500,14.97,14.97,63,1.41,0
70,Champerico,3530097,16.38,16.38,54,9.3,40
71,Upernavik,3418910,72.79,72.79,100,4.36,92
72,Ribeira Grande,3372707,38.52,38.52,77,3.1,40
73,Montorio al Vomano,3172646,42.58,42.58,74,3.1,75
74,Sorland,3137469,67.67,67.67,100,0.5,40
75,Hilo,5855927,19.71,19.71,57,4.1,75
76,Port Alfred,964432,-33.59,-33.59,89,7.81,48
77,Hobart,2163355,-42.88,-42.88,50,6.7,75
78,Guerrero Negro,4021858,27.97,27.97,45,1.81,0
79,Yellowknife,6185377,62.45,62.45,77,1.5,90
80,Vaini,1273574,15.34,15.34,76,2.11,0
81,Rio Grande,3451138,-32.03,-32.03,92,4.41,0
82,Pacific Grove,5380437,36.62,36.62,62,2.6,1
83,Sao Filipe,3374210,14.9,14.9,92,6.41,20
84,Warrnambool,2144528,-38.38,-38.38,87,4.56,76
85,Shimoda,1852357,34.7,34.7,100,11.81,8
86,Codrington,2160063,-28.95,-28.95,57,2.1,12
87,Nikolayevsk-na-amure,2122850,53.14,53.14,82,3.86,20
88,Tuatapere,2180815,-46.13,-46.13,68,9.86,24
89,Lebu,344979,8.96,8.96,76,1.51,0
90,Bandarbeyla,64814,9.49,9.49,100,9.16,92
91,Qaqortoq,3420846,60.72,60.72,96,3.71,68
92,Khatanga,2022572,71.98,71.98,53,2.91,32
93,Makokou,2399371,0.56,0.56,95,1.56,36
94,Albany,5106834,42.65,42.65,59,2.1,90
95,Sao Felix do Xingu,3388847,-6.64,-6.64,92,0.76,20
96,Vadso,777073,70.07,70.07,92,7.2,75
97,Lagoa,2267254,37.14,37.14,81,3.6,0
98,Gondanglegi,1640660,-7.75,-7.75,83,1.66,8
99,San Carlos de Bariloche,7647007,-41.13,-41.13,25,10.3,0
100,Torbay,6167817,47.66,47.66,85,3.1,90
101,Sindou,2355548,10.66,10.66,33,4.11,24
102,Nuuk,3421319,64.17,64.17,85,5.1,64
103,Usinsk,863061,66.0,66.0,87,2.76,44
104,Cidreira,3466165,-30.17,-30.17,84,4.06,76
105,Beringovskiy,2126710,63.05,63.05,100,2.61,44
106,Saint-Philippe,6138908,45.36,45.36,89,4.6,90
107,Punta Arenas,3874787,-53.16,-53.16,96,13.4,75
108,Nanakuli,5851349,21.39,21.39,69,3.1,75
109,Namibe,3347019,-15.19,-15.19,100,0.56,80
110,Buraydah,107304,26.33,26.33,66,2.6,0
111,Marawi,1701054,8.0,8.0,71,1.41,8
112,Grand-Santi,3381538,4.27,4.27,79,1.86,80
113,Esperance,3573739,10.24,10.24,69,3.1,20
114,Monroe,5002344,41.91,41.91,62,1.5,1
115,Talnakh,1490256,69.49,69.49,85,7.26,76
116,Margate,2158744,-43.03,-43.03,70,6.7,75
117,Sobolevo,525426,54.43,54.43,94,3.31,88
118,Maniitsoq,3421982,65.42,65.42,100,7.26,48
119,Arraial do Cabo,3471451,-22.97,-22.97,58,3.1,75
120,Atuona,4020109,-9.8,-9.8,100,6.46,12
121,Coromandel,2192093,-36.76,-36.76,73,2.6,0
122,Tiksi,2015306,71.64,71.64,67,6.21,36
123,Reyes,3906478,-14.3,-14.3,74,3.1,75
124,Hamilton,3573197,32.3,32.3,94,1.5,75
125,Ponta Pora,3453150,-22.54,-22.54,80,0.41,20
126,Shakhtinsk,1519333,49.71,49.71,74,2.0,24
127,New Norfolk,2155415,-42.78,-42.78,46,6.7,75
128,Portland,5746545,45.52,45.52,74,4.1,90
129,Weinan,1791636,34.5,34.5,85,2.0,64
130,Port Blair,1259385,11.67,11.67,88,1.0,20
131,Witu,178093,-2.39,-2.39,87,1.0,20
132,High Level,5975004,58.52,58.52,81,1.31,8
133,Sinnamary,3380290,5.38,5.38,96,6.41,92
134,Otjimbingwe,3353871,-22.35,-22.35,85,1.86,48
135,Poum,787487,41.28,41.28,91,0.76,80
136,Tucuman,3934608,-17.17,-17.17,57,1.76,20
137,Braganca,3405006,-1.05,-1.05,85,3.16,92
138,Kodiak,4407665,39.95,39.95,52,1.5,1
139,Lavrentiya,4031637,65.58,65.58,100,3.11,20
140,Upington,945945,-28.46,-28.46,15,2.1,0
141,Nikolskoye,546105,59.7,59.7,92,4.0,75
142,Olga,5368361,34.11,34.11,19,3.1,1
143,San Nicolas,3601834,14.94,14.94,58,1.01,36
144,Touros,3386213,-5.2,-5.2,89,5.61,92
145,Hobyo,57000,5.35,5.35,85,8.46,92
146,Bredasdorp,1015776,-34.53,-34.53,77,3.1,88
147,Novyy Urengoy,1496511,66.08,66.08,75,6.81,44
148,Kendari,1640344,-3.99,-3.99,88,1.61,44
149,Eregli,315498,37.51,37.51,73,0.91,44
150,Honningsvag,779554,70.98,70.98,100,1.86,20
151,Los Llanos de Aridane,2514651,28.66,28.66,67,2.6,12
152,Iisalmi,656820,63.56,63.56,85,3.1,90
153,Port-Gentil,2396518,-0.72,-0.72,94,2.6,40
154,Half Moon Bay,5354943,37.46,37.46,63,1.5,75
155,Provideniya,4031574,64.42,64.42,100,5.11,0
156,Longyearbyen,2729907,78.22,78.22,79,5.1,75
157,Mouila,2398073,-1.86,-1.86,100,0.91,92
158,Launceston,2160517,-41.43,-41.43,58,4.1,0
159,Ringkobing,2614776,56.09,56.09,93,7.7,92
160,Laguna,4013704,27.52,27.52,28,2.1,5
161,Ambilobe,1082243,-13.19,-13.19,99,1.41,92
162,Bakersfield,5325738,35.37,35.37,31,3.6,1
163,Gamba,1281256,28.28,28.28,19,1.01,0
164,Zharkent,1520253,44.17,44.17,48,0.46,0
165,Bukama,217834,-9.2,-9.2,95,0.61,36
166,Bocas del Toro,3713959,9.33,9.33,100,3.21,76
167,Ancud,3899695,-41.87,-41.87,59,6.7,0
168,Saint-Marc,3717588,19.1,19.1,86,1.91,0
169,Bonthe,2409914,7.53,7.53,82,2.06,8
170,Ayia Galini,264260,35.1,35.1,93,5.7,75
171,Vila Franca do Campo,3372472,37.72,37.72,100,4.1,40
172,Dharchula,1272864,29.85,29.85,94,0.66,88
173,Calabar,2346229,4.98,4.98,93,2.26,0
174,Muroto,1856392,33.37,33.37,70,2.1,75
175,Majene,1636806,-3.54,-3.54,100,2.51,64
176,Ewa Beach,5855051,21.32,21.32,47,4.1,40
177,Linxi,1919629,23.65,23.65,93,1.71,75
178,Myitkyina,1307741,25.38,25.38,95,0.91,0
179,Shingu,1847947,33.72,33.72,100,6.41,0
180,Port Elizabeth,4501427,39.31,39.31,78,4.46,1
181,Lethem,3379316,3.38,3.38,68,7.01,64
182,Bouza,2446466,14.42,14.42,46,3.71,0
183,Noyabrsk,1496503,63.2,63.2,84,4.56,44
184,Leh,1264976,34.16,34.16,74,0.86,80
185,Buncrana,2654332,55.14,55.14,92,3.86,0
186,Aklavik,5882953,68.22,68.22,77,2.6,90
187,Clarence Town,2171465,-32.59,-32.59,52,3.6,8
188,Guaruja,3461789,-23.99,-23.99,100,2.1,90
189,Maksatikha,531979,57.8,57.8,95,1.61,80
190,Marondera,886990,-18.19,-18.19,98,0.86,88
191,Lalibela,332288,12.04,12.04,42,0.96,0
192,Khash,1160571,28.22,28.22,35,1.56,0
193,Milkovo,727030,41.53,41.53,79,3.1,90
194,Lyubytino,532463,58.81,58.81,91,1.51,76
195,Port Moresby,2088122,-9.47,-9.47,94,2.6,75
196,Corinto,3465512,-18.36,-18.36,93,2.56,88
197,Corcoran,5339539,36.1,36.1,43,0.61,1
198,Arkadak,581080,51.94,51.94,92,4.81,92
199,Bilibino,2126682,68.06,68.06,0,1.06,0
200,Kushiro,2129072,43.11,43.11,85,4.1,75
201,Yamada,1849876,36.58,36.58,80,1.5,75
202,Vestmannaeyjar,3412093,63.44,63.44,95,9.51,92
203,Fort Nelson,5955902,58.81,58.81,78,1.16,75
204,Tautira,4033557,-17.73,-17.73,59,4.1,20
205,Chokurdakh,2126123,70.62,70.62,67,3.16,56
206,Iqaluit,5983720,63.75,63.75,75,4.21,90
207,Abu Kamal,174448,34.45,34.45,61,5.11,0
208,Yuzhne,693325,48.22,48.22,79,5.0,90
209,Flinders,6255012,-34.58,-34.58,74,2.51,0
210,Cherskiy,2126199,68.75,68.75,41,1.11,24
211,Saskylakh,2017155,71.97,71.97,74,2.66,24
212,Baykit,1510689,61.68,61.68,68,3.41,44
213,Olinda,3650121,-2.03,-2.03,52,3.1,20
214,Keti Bandar,1174451,24.14,24.14,96,6.26,32
215,Sao Joao da Barra,3448903,-21.64,-21.64,100,4.96,92
216,Synya,485215,65.37,65.37,90,1.21,44
217,Birjand,140463,32.86,32.86,86,2.1,0
218,Nyagan,1496476,62.14,62.14,74,1.86,0
219,Wladyslawowo,3081752,54.79,54.79,93,7.2,75
220,Biscarrosse,3032556,44.41,44.41,92,1.0,0
221,Koltubanovskiy,546060,52.94,52.94,89,6.41,92
222,Wanaka,2184707,-44.7,-44.7,46,4.16,12
223,Muros,3115824,42.77,42.77,80,1.16,0
224,Bathsheba,3374083,13.22,13.22,69,6.7,40
225,Mehamn,778707,71.03,71.03,79,3.1,75
226,Ostrovnoy,556268,68.05,68.05,83,5.76,56
227,Urubicha,3923644,-15.63,-15.63,72,2.06,12
228,Boo,2318374,7.44,7.44,35,3.71,0
229,Nongan,2035565,44.43,44.43,54,2.0,0
230,Hofn,2630299,64.25,64.25,88,6.36,92
231,Saldanha,2737599,41.42,41.42,73,1.16,0
232,Badiraguato,4017743,25.36,25.36,30,1.0,40
233,Iralaya,3608828,15.0,15.0,96,2.31,68
234,Faanui,4034551,-16.48,-16.48,100,4.66,24
235,Dengfeng,1813016,34.46,34.46,75,1.16,88
236,Chake Chake,160677,-5.25,-5.25,100,7.26,56
237,Bambous Virieux,1106677,-20.34,-20.34,83,1.5,40
238,Harbour Breton,5970478,47.48,47.48,100,7.71,56
239,Kyabram,2160910,-36.31,-36.31,81,7.96,100
240,Yumen,1528998,40.29,40.29,41,1.21,8
241,Belaya Kalitva,578155,48.18,48.18,98,5.66,88
242,Geraldton,5960603,49.72,49.72,79,3.6,40
243,Manbij,167357,36.53,36.53,93,0.5,75
244,Cayenne,3382160,4.94,4.94,78,3.6,20
245,Kutum,371745,14.2,14.2,75,1.26,8
246,Rasra,1258380,25.86,25.86,86,1.26,20
247,Kars,743952,40.61,40.61,86,6.7,75
248,Santa Rosa,3835994,-36.62,-36.62,44,2.86,0
249,Caravelas,3466980,-17.73,-17.73,100,9.96,0
250,Zhirnov,462988,48.17,48.17,98,5.91,88
251,Winchester,2633858,51.06,51.06,92,0.5,20
252,Pevek,2122090,69.7,69.7,100,3.86,36
253,San Cristobal,3652462,-0.39,-0.39,29,3.6,20
254,Poya,2138522,-21.35,-21.35,92,9.71,48
255,Quatre Cocos,1106643,-20.21,-20.21,83,1.5,40
256,Balangir,1277643,20.7,20.7,79,1.21,0
257,Padre Paraiso,3455568,-17.07,-17.07,53,2.66,12
258,Boa Vista,3664980,2.82,2.82,83,7.7,75
259,Lorengau,2092164,-2.02,-2.02,99,8.71,76
260,Graham,4468525,36.07,36.07,93,4.1,90
261,Karratha,6620339,-20.74,-20.74,71,3.01,8
262,Hala,1177278,25.82,25.82,82,2.1,40
263,Kruisfontein,986717,-34.0,-34.0,88,8.66,8
264,Puerto Escondido,3520994,15.86,15.86,70,3.1,20
265,Sayyan,70979,15.17,15.17,46,2.41,0
266,Houston,4699066,29.76,29.76,48,1.5,1
267,Bogorodskoye,2126638,52.37,52.37,55,1.51,0
268,North Bend,5742974,43.41,43.41,82,2.1,1
269,Itarema,3393692,-2.92,-2.92,82,5.86,76
270,Kibala,2425791,9.11,9.11,36,2.1,0
271,Westerland,2757220,52.89,52.89,87,5.1,90
272,Saint-Louis,2978742,47.59,47.59,86,3.1,75
273,Zyryanka,2119283,65.73,65.73,69,1.21,56
274,Anadyr,2127202,64.73,64.73,74,2.0,20
275,Hasaki,2112802,35.73,35.73,79,0.5,20
276,Sarkand,1519691,45.41,45.41,92,1.71,92
277,La Ronge,6050066,55.1,55.1,78,3.6,90
278,Murgab,1218612,37.5,37.5,100,3.1,90
279,Poopo,3907685,-18.38,-18.38,100,1.71,68
280,Cam Ranh,1586350,11.92,11.92,94,3.6,20
281,Luderitz,3355672,-26.65,-26.65,68,10.06,0
282,Kamenka,553725,53.19,53.19,92,3.51,88
283,Fairbanks,5861897,64.84,64.84,73,1.21,1
284,Isangel,2136825,-19.55,-19.55,99,9.66,20
285,Rawson,3839307,-43.3,-43.3,23,4.26,0
286,Porto Walter,3662761,-8.27,-8.27,73,1.21,56
287,Souillac,3026644,45.6,45.6,86,3.1,0
288,Coquimbo,3893629,-29.95,-29.95,72,4.6,20
289,Marilia,3397900,-8.64,-8.64,73,1.21,8
290,Alyangula,2079582,-13.85,-13.85,74,3.6,36
291,Urengoy,1488414,65.96,65.96,71,7.16,44
292,Kloulklubed,7671223,7.04,7.04,100,7.06,80
293,Port Lincoln,2063036,-34.72,-34.72,81,7.06,56
294,West Plains,4414200,36.73,36.73,58,3.1,1
295,Airai,1651810,-8.93,-8.93,66,0.86,76
296,Iwaki,2112539,37.05,37.05,64,5.1,40
297,Carutapera,3402648,-1.2,-1.2,87,4.11,68
298,Matay,352628,28.42,28.42,80,1.21,0
299,Bethel,5880568,60.79,60.79,100,2.6,90
300,Luwingu,908913,-10.26,-10.26,91,1.11,12
301,Porto Novo,6322184,-23.68,-23.68,100,1.21,92
302,Camalu,3979216,30.85,30.85,48,1.21,0
303,Lata,1253628,30.78,30.78,94,0.86,88
304,Muli,1256929,22.62,22.62,69,1.41,12
305,Constitucion,4011743,23.99,23.99,13,1.0,40
306,Deming,5464806,32.27,32.27,30,1.16,1
307,Siddipet,1256377,18.1,18.1,83,3.21,0
308,Burns Lake,5911745,54.23,54.23,85,1.11,88
309,Khani,610864,41.96,41.96,93,2.1,90
310,Francistown,933778,-21.17,-21.17,97,3.46,12
311,Kaele,2230599,10.11,10.11,41,3.91,0
312,Boddam,2655288,57.47,57.47,100,1.0,75
313,Pangai,4032369,-19.8,-19.8,94,6.7,90
314,Polis,146137,35.04,35.04,93,2.6,75
315,Port Shepstone,964406,-30.74,-30.74,93,4.91,92
316,Muisne,3653967,0.61,0.61,83,2.6,75
317,Solnechnyy,2016307,50.72,50.72,33,1.06,0
318,Katsuura,1865309,33.93,33.93,75,1.0,75
319,Lusambo,210379,-4.97,-4.97,96,0.96,20
320,Praia da Vitoria,3372760,38.73,38.73,100,5.46,75
321,Bambanglipuro,1650434,-7.95,-7.95,100,1.86,0
322,Harur,1270265,12.06,12.06,86,1.01,0
323,Narsaq,3421719,60.91,60.91,61,0.81,24
324,Ust-Kuyga,2013921,70.0,70.0,72,2.41,44
325,Ziro,1252668,27.54,27.54,93,0.91,0
326,Yarim,69559,14.3,14.3,33,2.26,0
327,Esil,1524296,51.96,51.96,81,4.11,32
328,Nara,1855612,34.68,34.68,87,1.0,75
329,Kurilsk,2123979,45.23,45.23,100,8.41,36
330,Salalah,286621,17.01,17.01,78,2.1,0
331,Berlevag,780687,70.86,70.86,79,3.1,75
332,Amapa,3603330,15.09,15.09,62,5.1,40
333,Kuito,3348078,-12.38,-12.38,92,2.51,92
334,Charlestown,5221384,41.38,41.38,68,5.1,1
335,Mindelo,2739997,41.31,41.31,80,1.5,0
336,Syamzha,485351,60.02,60.02,91,2.51,80
337,Buenos Aires,3435910,-34.61,-34.61,44,3.6,0
338,Nanortalik,3421765,60.14,60.14,93,7.56,24
339,Northam,2641434,51.04,51.04,100,1.0,75
340,Walvis Bay,3359638,-22.95,-22.95,77,3.1,12
341,Ternate,1682474,14.29,14.29,78,1.0,40
342,Baruun-Urt,2032614,46.68,46.68,28,1.96,0
343,Syracuse,5140405,43.05,43.05,65,3.1,1
344,Lucea,3489657,18.44,18.44,78,5.7,20
345,Imbituba,3461370,-28.24,-28.24,83,4.1,75
346,Port Dover,6111731,42.79,42.79,69,5.1,20
347,Lampa,3885273,-33.29,-33.29,36,7.7,0
348,Travesia,3600626,15.87,15.87,62,5.1,40
349,Lasa,146639,34.92,34.92,93,2.6,75
350,Gazojak,1514792,41.19,41.19,91,2.21,12
351,Bilma,2446796,18.69,18.69,42,3.01,12
352,Rock Springs,5836898,41.59,41.59,55,0.91,1
353,Killarney,2161441,-28.34,-28.34,54,2.06,20
354,Boralday,1526384,43.36,43.36,100,3.0,90
355,Hovd,7626384,63.83,63.83,93,9.8,75
356,Clyde River,5924351,70.47,70.47,75,2.1,5
357,Vao,588365,59.1,59.1,95,2.96,48
358,Kuala Terengganu,1734705,5.33,5.33,100,2.1,75
359,Ponta do Sol,3453439,-20.63,-20.63,93,0.81,92
360,Bang Saphan,1157662,11.21,11.21,88,5.66,92
361,Morristown,4642938,36.21,36.21,77,5.46,1
362,Ambon,3037899,47.55,47.55,100,2.6,0
363,Chenzhou,1815059,25.81,25.81,100,1.51,92
364,Mulege,3995236,26.88,26.88,52,2.36,8
365,Maceo,3675768,6.55,6.55,54,1.06,12
366,Birobidzhan,2026643,48.79,48.79,59,1.16,0
367,Vanimo,2084442,-2.67,-2.67,100,8.96,92
368,Nhulunbuy,2064735,-12.18,-12.18,88,2.1,48
369,Katrineholm,2701223,59.0,59.0,86,3.6,88
370,Ketchikan,5554428,55.34,55.34,55,7.2,20
371,Sicamous,6147353,50.84,50.84,100,2.6,90
372,Riyadh,108410,24.63,24.63,35,1.0,0
373,Kurchum,1521762,48.57,48.57,83,1.51,76
374,Gillette,5826027,44.29,44.29,57,8.2,1
375,Deputatskiy,2028164,69.3,69.3,35,1.26,32
376,Rocha,3440777,-34.48,-34.48,58,3.06,12
377,Ballina,2966778,54.11,54.11,100,3.96,0
378,Barra do Garcas,3470709,-15.89,-15.89,73,2.31,0
379,Faya,110690,18.39,18.39,41,2.1,5
380,Chapais,5919850,49.78,49.78,85,2.1,1
381,Foundiougne,2251791,14.13,14.13,51,2.1,0
382,Fortuna,2517679,38.18,38.18,93,1.0,0
383,Kharp,1503726,66.82,66.82,62,3.56,0
384,Kenitra,2544571,34.26,34.26,87,1.0,0
385,Ilulissat,3423146,69.22,69.22,100,13.4,76
386,Matara,3948642,-13.74,-13.74,71,0.31,80
387,Kailua,5847486,21.39,21.39,68,6.2,75
388,Christchurch,2192362,-43.53,-43.53,53,5.7,0
389,Viedma,3832899,-40.81,-40.81,50,1.31,0
390,Atbasar,1526038,51.81,51.81,75,1.41,48
391,Kamyzyak,553248,46.12,46.12,97,6.0,90
392,Motiong,1699180,11.78,11.78,94,5.71,36
393,Norman Wells,6089245,65.28,65.28,84,5.1,75
394,Khandyga,2022773,62.65,62.65,62,1.26,48
395,Belmonte,8010472,40.36,40.36,67,1.46,0
396,Kavarna,730518,43.43,43.43,85,1.5,0
397,Liverpool,2644210,53.41,53.41,81,3.1,75
398,Husavik,5961417,50.56,50.56,82,1.31,92
399,Port Hardy,6111862,50.7,50.7,93,4.6,90
400,Krasnoarmeyskiy,553955,46.12,46.12,95,9.56,88
401,Shetpe,608324,44.14,44.14,92,6.96,68
402,Jijiga,333795,9.35,9.35,79,0.96,0
403,Leningradskiy,2123814,69.38,69.38,90,2.96,24
404,Padang,1633419,-0.92,-0.92,94,2.1,40
405,Gaeta,6542094,41.22,41.22,86,2.06,75
406,Srednekolymsk,2121025,67.46,67.46,68,1.31,56
407,Port Macquarie,2152659,-31.43,-31.43,51,4.1,0
408,Luena,3347719,-11.78,-11.78,98,1.26,88
409,Nelson Bay,2155562,-32.72,-32.72,52,3.6,20
410,Powell River,6112608,49.84,49.84,87,3.1,75
411,Westport,2960970,53.8,53.8,100,4.96,0
412,Hami,1529484,42.84,42.84,48,0.91,0
413,Coro,3645213,11.41,11.41,66,5.81,0
414,Avera,4231997,33.19,33.19,89,6.2,90
415,Prince George,6113365,53.92,53.92,100,1.5,92
416,Cazanesti,682501,44.62,44.62,81,1.36,0
417,Grindavik,3416888,63.84,63.84,100,10.8,90
418,Quang Ngai,1568770,15.12,15.12,99,0.51,92
419,Seguela,2596934,7.96,7.96,75,1.26,20
420,Roebourne,2062276,-20.77,-20.77,71,3.01,8
421,Gazanjyk,161974,39.24,39.24,96,1.41,56
422,Narasannapeta,1261853,18.42,18.42,97,1.51,0
423,Purpe,1539210,64.48,64.48,78,5.51,24
424,Sitka,4267710,37.17,37.17,63,3.46,0
425,Krasnovishersk,542184,60.4,60.4,90,2.96,76
426,Kalmanka,1504985,52.9,52.9,76,2.0,80
427,Las Vegas,5506956,36.17,36.17,22,1.16,1
428,Itaberai,3460963,-16.02,-16.02,66,0.71,88
429,Port Hedland,2063042,-20.31,-20.31,78,3.6,92
430,Salym,1493162,60.06,60.06,85,2.41,76
431,Brae,2654970,60.4,60.4,87,6.2,92
432,Yeppoon,2142316,-23.13,-23.13,69,4.6,75
433,Mersin,311728,36.81,36.81,100,3.86,75
434,Bijie,1816373,27.3,27.3,98,1.41,88
435,Omboue,2396853,-1.57,-1.57,100,3.16,92
436,Mayo,6068416,63.59,63.59,84,1.11,90
437,Petropavl,1520172,54.87,54.87,85,6.61,68
438,Burley,5587385,42.54,42.54,65,5.1,1
439,College,5859699,64.86,64.86,73,1.21,1
440,Lekoni,2399831,-1.58,-1.58,97,2.71,68
441,Gibara,3558315,21.11,21.11,55,4.1,40
442,Kidal,2455290,18.44,18.44,50,1.61,0
443,Port Augusta,2063056,-32.49,-32.49,82,4.1,90
444,Manaus,3663517,-3.13,-3.13,88,1.0,40
445,Las Lomas,3695552,-4.66,-4.66,56,2.51,36
446,Bonanza,3620645,14.03,14.03,98,1.16,76
447,Puerto Carreno,3671519,6.19,6.19,49,3.1,40
448,Preobrazheniye,2017658,42.9,42.9,59,2.71,0
449,Plettenberg Bay,964712,-34.05,-34.05,96,7.96,64
450,Makakilo City,5850554,21.35,21.35,47,4.1,40
451,Prince Rupert,6113406,54.32,54.32,100,1.31,90
452,Vagur,2610806,61.47,61.47,93,7.51,92
453,Sassandra,2281951,4.95,4.95,100,3.91,0
454,Kodinsk,1503037,58.6,58.6,60,1.16,32
455,Qasigiannguit,3420768,68.82,68.82,100,13.4,76
456,Wanning,3220813,48.64,48.64,96,8.2,75
457,Sonoita,5313135,31.68,31.68,23,2.1,1
458,Guozhen,1927639,29.3,29.3,100,3.21,92
459,Luba,1705460,17.32,17.32,77,1.96,0
460,Edson,5946820,53.59,53.59,100,1.5,90
461,Galle,4695361,29.74,29.74,23,1.5,1
462,Verkhnyaya Toyma,474470,62.24,62.24,83,2.46,80
463,Williamsport,5219585,41.25,41.25,72,1.51,1
464,Mae Sot,1152188,16.71,16.71,86,1.31,44
465,Acapulco,3533462,16.86,16.86,74,2.6,5
466,Meulaboh,1214488,4.14,4.14,100,2.06,12
467,Zhigansk,2012530,66.77,66.77,74,2.61,36
468,Eidsvag,3158615,62.78,62.78,93,8.7,90
469,Kenai,5866063,60.55,60.55,86,3.6,1
470,Paoua,2383523,7.24,7.24,41,4.41,20
471,Nam Dinh,1573517,20.42,20.42,97,2.96,92
472,Pangnirtung,6096551,66.15,66.15,67,1.81,5
473,Miraflores,3674735,5.2,5.2,85,0.86,8
474,Santa Maria,3450083,-29.69,-29.69,80,4.16,48
475,Mpika,905846,-11.84,-11.84,92,0.66,36
476,Talara,3691582,-4.58,-4.58,290,3.1,0
477,Svetlaya,2015852,46.54,46.54,100,7.51,48
478,Menomonie,5262634,44.88,44.88,67,2.1,1
479,Byron Bay,2172880,-28.65,-28.65,65,5.1,90
480,Antofagasta,3899539,-23.65,-23.65,64,4.1,75
481,Bonavista,5905393,48.65,48.65,100,4.26,32
482,Petropavlovka,2017979,50.61,50.61,48,1.21,0
483,Palora,3653523,-1.7,-1.7,65,0.81,75
484,Pueblo Nuevo,4002745,23.99,23.99,45,1.11,76
485,Inverness,2646088,57.48,57.48,75,4.1,76
486,Luwuk,1637001,-0.95,-0.95,93,1.06,24
487,Namatanai,2090021,-3.66,-3.66,100,5.21,36
488,Kitimat,5993072,54.02,54.02,91,9.3,75
489,Dombarovskiy,565407,50.76,50.76,56,3.96,0
490,Kudahuvadhoo,1337607,2.67,2.67,100,6.21,12
491,Palmer,2067070,-34.85,-34.85,55,4.6,75
492,Umm Lajj,100926,25.02,25.02,100,1.91,0
493,Yelizovo,2119538,53.19,53.19,62,3.0,0
494,Weligama,1223738,5.97,5.97,100,2.56,0
495,Cacador,3468570,-26.78,-26.78,98,1.16,92
496,Puerto Salgar,3671330,5.46,5.46,61,0.51,0
497,Pouembout,2138592,-21.12,-21.12,48,4.81,44
498,Alofi,4036284,-19.06,-19.06,94,4.1,90
499,Ormara,1168700,25.21,25.21,94,4.66,32
500,Sandwick,2640416,54.57,54.57,74,6.7,0
501,Korem,332746,12.51,12.51,71,0.26,0
502,Necochea,3430443,-38.55,-38.55,59,3.76,0
503,Vila Velha,6320062,-3.71,-3.71,78,5.7,0
504,Kinkala,2258984,-4.35,-4.35,88,2.6,0
505,Fare,4034496,-16.7,-16.7,97,5.26,12
506,Hearst,5973108,49.69,49.69,78,3.41,0
507,Gandhidham,1278573,23.07,23.07,100,3.16,20
508,Rundu,3353383,-17.91,-17.91,96,2.31,48
509,Khislavichi,550234,54.19,54.19,90,2.66,68
510,Koutsouras,261814,35.03,35.03,100,10.31,76
511,Karasburg,3356343,-28.01,-28.01,32,4.11,0
512,Talcahuano,3870282,-36.72,-36.72,56,6.2,0
513,Buin,3897774,-33.73,-33.73,37,3.6,0
514,Agirish,1512101,61.92,61.92,55,1.66,0
515,Okhotsk,2122605,59.36,59.36,100,2.76,0
516,Balkany,722650,47.77,47.77,85,2.1,0
517,Panaba,3521972,21.28,21.28,100,1.86,100
518,Pisco,3932145,-13.71,-13.71,30,7.7,0
519,Creel,4012593,27.75,27.75,29,1.16,0
520,Panalingaan,1695736,8.78,8.78,97,4.91,76
521,Rafai,236524,4.95,4.95,84,1.36,0
522,Nenjiang,2035601,49.17,49.17,71,3.86,0
523,Ahuimanu,5856516,21.44,21.44,68,6.2,75
524,Beloha,1067565,-25.17,-25.17,93,1.21,8
525,Hirara,1862505,24.8,24.8,83,6.2,75
526,Bethanien,3358416,-26.5,-26.5,19,4.81,0
527,Tselinnoye,689307,45.9,45.9,100,4.51,0
528,Nanga Eboko,2225457,4.68,4.68,61,1.71,12
529,Petropavlovsk-Kamchatskiy,2122104,53.05,53.05,62,3.0,0
530,Jizan,105299,16.89,16.89,78,1.5,0
531,Kohat,1173491,33.6,33.6,66,3.1,75
532,Bayburt,750938,40.26,40.26,81,1.86,88
533,Kommunisticheskiy,1502750,61.68,61.68,76,1.31,0
534,Deshnok,1273153,27.8,27.8,88,1.51,0
535,Santa Marta,3668605,11.24,11.24,52,6.2,20
536,Sikonge,149929,-5.63,-5.63,78,3.1,40
537,Ayorou,2447416,14.73,14.73,34,5.66,0
538,Nassau,2851077,51.17,51.17,100,4.6,75
539,Tabou,2281120,4.42,4.42,100,3.26,32
540,Caceres,3679277,5.53,5.53,61,0.51,0
